0.5158150 0.3378775 0.3488385
0.6018536 0.3999511 0.4113987
0.6644469 0.2687806 0.3132460
0.1904357 0.4295217 0.5138013
0.6781251 0.3084073 0.2830900
0.6200356 0.2605945 0.2902250
0.8436630 0.1668953 0.2047238
0.0586566 0.0632963 0.0969587
0.0034566 0.5285477 0.6775191
0.2909410 0.5006871 0.4556754
0.7651398 0.5717296 0.4539143
0.8341779 0.1729211 0.1655983
0.0437945 0.0428704 0.0676210
0.1110410 0.1093498 0.1324694
0.1959066 0.1949258 0.2096812
0.3651159 0.3636740 0.3824967
0.4491031 0.4446183 0.4573883
0.6881971 0.6870714 0.7048337
