0.6562549 0.5542941 0.4640980
0.7143129 0.6095671 0.5249411
0.6982351 0.3374507 0.5217645
0.3021089 0.4942658 0.6119128
0.7330663 0.4820860 0.2036546
0.6156863 0.2470588 0.2470588
0.7850082 0.1953840 0.4784314
0.1455836 0.1114016 0.2564996
0.1448624 0.5723134 0.7926163
0.4393300 0.6550163 0.2554142
0.8291850 0.8136149 0.1473975
0.7674428 0.2380311 0.2176062
0.0838354 0.0681491 0.0720706
0.2964179 0.2984808 0.2844489
0.4277697 0.4330802 0.4239801
0.5306876 0.5351810 0.5284408
0.6256825 0.6328957 0.6227097
0.8275296 0.8275296 0.8275296
