0.4774460 0.2865893 0.2865999
0.5488614 0.3353339 0.3510496
0.6027125 0.1690455 0.4173553
0.1904361 0.4359780 0.4916090
0.6171510 0.2376929 0.1330772
0.5424715 0.1302616 0.2210577
0.7797395 0.0597926 0.3444986
0.0651604 0.0698326 0.1559685
0.0211560 0.6047966 0.6883720
0.2688738 0.5047213 0.0760624
0.7166251 0.5419832 0.0527761
0.7729016 0.0550128 0.1905156
0.0483279 0.0418219 0.0921776
0.1164469 0.1116901 0.1602471
0.1948111 0.1938565 0.2407769
0.3565806 0.3559096 0.4068845
0.4378496 0.4424625 0.4834650
0.6845791 0.6717744 0.7078419
